version https://git-lfs.github.com/spec/v1
oid sha256:e558b2c33b9237abeadf383796b00f5ea3224bb397eeda16e972ee6b31cb7d7f
size 16265
