version https://git-lfs.github.com/spec/v1
oid sha256:f9c0596f9ed282f24c9dc206778299f0d2ba868f41cdef2c053c66cbd8994650
size 13687
